
LAYERS_BEGIN
5
10
3
LAYERS_END

CONNECTIVIY_MATRIX_BEGIN
1 0 0 0 0 1 1 1 1 1 1 1 1 1 1 0 0 0 
0 1 0 0 0 1 1 1 1 1 1 1 1 1 1 0 0 0 
0 0 1 0 0 1 1 1 1 1 1 1 1 1 1 0 0 0 
0 0 0 1 0 1 1 1 1 1 1 1 1 1 1 0 0 0 
0 0 0 0 1 1 1 1 1 1 1 1 1 1 1 0 0 0 
1 1 1 1 1 1 0 0 0 0 0 0 0 0 0 1 1 1 
1 1 1 1 1 0 1 0 0 0 0 0 0 0 0 1 1 1 
1 1 1 1 1 0 0 1 0 0 0 0 0 0 0 1 1 1 
1 1 1 1 1 0 0 0 1 0 0 0 0 0 0 1 1 1 
1 1 1 1 1 0 0 0 0 1 0 0 0 0 0 1 1 1 
1 1 1 1 1 0 0 0 0 0 1 0 0 0 0 1 1 1 
1 1 1 1 1 0 0 0 0 0 0 1 0 0 0 1 1 1 
1 1 1 1 1 0 0 0 0 0 0 0 1 0 0 1 1 1 
1 1 1 1 1 0 0 0 0 0 0 0 0 1 0 1 1 1 
1 1 1 1 1 0 0 0 0 0 0 0 0 0 1 1 1 1 
0 0 0 0 0 1 1 1 1 1 1 1 1 1 1 1 0 0 
0 0 0 0 0 1 1 1 1 1 1 1 1 1 1 0 1 0 
0 0 0 0 0 1 1 1 1 1 1 1 1 1 1 0 0 1 
CONNECTIVIY_MATRIX_END
